# BRON: KONINKLIJK NEDERLANDS METEOROLOGISCH INSTITUUT (KNMI)
# Opmerking: door stationsverplaatsingen en veranderingen in waarneemmethodieken zijn deze tijdreeksen van dagwaarden mogelijk inhomogeen! Dat betekent dat deze reeks van gemeten waarden niet geschikt is voor trendanalyse. Voor studies naar klimaatverandering verwijzen we naar de gehomogeniseerde reeks maandtemperaturen van De Bilt <http://www.knmi.nl/kennis-en-datacentrum/achtergrond/gehomogeniseerde-reeks-maandtemperaturen-de-bilt> of de Centraal Nederland Temperatuur <http://www.knmi.nl/kennis-en-datacentrum/achtergrond/centraal-nederland-temperatuur-cnt>.
# 
# 
# STN      LON(east)   LAT(north)     ALT(m)  NAME
# 330:         4.122       51.992      11.90  HOEK VAN HOLLAND
# 
# YYYYMMDD = Date (YYYY=year MM=month DD=day); 
# TG       = Daily mean temperature in (0.1 degrees Celsius); 
# 
# STN,YYYYMMDD,   TG
# 
  330,20160505,  148
  330,20160506,  171
  330,20160507,  199
  330,20160508,  214
  330,20160509,  210
  330,20160510,  184
  330,20160511,  187
  330,20160512,  203
  330,20160513,  130
  330,20160514,   91
  330,20160515,   91
  330,20160516,  103
  330,20160517,  136
  330,20160518,  136
  330,20160519,  134
  330,20160520,  138
  330,20160521,  176
  330,20160522,  138
  330,20160523,  113
  330,20160524,  111
  330,20160525,  115
  330,20160526,  129
  330,20160527,  153
  330,20160528,  149
  330,20160529,  146
  330,20160530,  130
  330,20160531,  165
  330,20160601,  144
  330,20160602,  124
  330,20160603,  132
  330,20160604,  160
  330,20160605,  153
  330,20160606,  152
  330,20160607,  172
  330,20160608,  147
  330,20160609,  139
  330,20160610,  147
  330,20160611,  157
  330,20160612,  167
  330,20160613,  150
  330,20160614,  155
  330,20160615,  155
  330,20160616,  155
  330,20160617,  152
  330,20160618,  132
  330,20160619,  158
  330,20160620,  156
  330,20160621,  162
  330,20160622,  205
  330,20160623,  201
  330,20160624,  176
  330,20160625,  158
  330,20160626,  162
  330,20160627,  153
  330,20160628,  155
  330,20160629,  158
  330,20160630,  161
  330,20160701,  162
  330,20160702,  156
  330,20160703,  160
  330,20160704,  171
  330,20160705,  159
  330,20160706,  151
  330,20160707,  175
  330,20160708,  174
  330,20160709,  190
  330,20160710,  196
  330,20160711,  181
  330,20160712,  172
  330,20160713,  155
  330,20160714,  162
  330,20160715,  176
  330,20160716,  195
  330,20160717,  195
  330,20160718,  197
  330,20160719,  245
  330,20160720,  243
  330,20160721,  198
  330,20160722,  196
  330,20160723,  196
  330,20160724,  199
  330,20160725,  189
  330,20160726,  192
  330,20160727,  180
  330,20160728,  183
  330,20160729,  186
  330,20160730,  187
  330,20160731,  173
  330,20160801,  178
  330,20160802,  168
  330,20160803,  188
  330,20160804,  185
  330,20160805,  185
  330,20160806,  182
  330,20160807,  191
  330,20160808,  176
  330,20160809,  155
  330,20160810,  146
  330,20160811,  153
  330,20160812,  192
  330,20160813,  186
  330,20160814,  177
  330,20160815,  174
  330,20160816,  179
  330,20160817,  191
  330,20160818,  181
  330,20160819,  186
  330,20160820,  184
  330,20160821,  174
  330,20160822,  188
  330,20160823,  219
  330,20160824,  253
  330,20160825,  249
  330,20160826,  199
  330,20160827,  225
  330,20160828,  200
  330,20160829,  176
  330,20160830,  174
  330,20160831,  191
  330,20160901,  189
  330,20160902,  179
  330,20160903,  191
  330,20160904,  186
  330,20160905,  184
  330,20160906,  199
  330,20160907,  203
  330,20160908,  203
  330,20160909,  190
  330,20160910,  200
  330,20160911,  191
  330,20160912,  224
  330,20160913,  250
  330,20160914,  233
  330,20160915,  224
  330,20160916,  179
  330,20160917,  187
  330,20160918,  183
  330,20160919,  161
  330,20160920,  160
  330,20160921,  163
  330,20160922,  172
  330,20160923,  158
  330,20160924,  184
  330,20160925,  175
  330,20160926,  153
  330,20160927,  168
  330,20160928,  187
  330,20160929,  167
  330,20160930,  159
  330,20161001,  143
  330,20161002,  139
  330,20161003,  155
  330,20161004,  134
  330,20161005,  108
  330,20161006,  106
  330,20161007,  121
  330,20161008,  121
  330,20161009,  102
  330,20161010,   93
  330,20161011,   92
  330,20161012,   96
  330,20161013,   94
  330,20161014,  101
  330,20161015,  121
  330,20161016,  147
  330,20161017,  132
  330,20161018,  117
  330,20161019,  112
  330,20161020,  108
  330,20161021,   96
  330,20161022,   77
  330,20161023,   69
  330,20161024,   83
  330,20161025,   93
  330,20161026,  104
  330,20161027,  131
  330,20161028,  143
  330,20161029,  119
  330,20161030,  108
  330,20161031,  106
  330,20161101,  117
  330,20161102,  105
  330,20161103,   98
  330,20161104,   84
  330,20161105,   86
  330,20161106,   81
  330,20161107,   48
  330,20161108,   26
  330,20161109,   41
  330,20161110,   57
  330,20161111,   29
  330,20161112,   33
  330,20161113,   48
  330,20161114,   56
  330,20161115,  120
  330,20161116,  118
  330,20161117,   96
  330,20161118,   68
  330,20161119,   62
  330,20161120,   80
  330,20161121,  117
  330,20161122,  108
  330,20161123,   85
  330,20161124,   76
  330,20161125,   49
  330,20161126,   28
  330,20161127,   81
  330,20161128,   19
  330,20161129,   -5
  330,20161130,   66
  330,20161201,   89
  330,20161202,   76
  330,20161203,   28
  330,20161204,    9
  330,20161205,    4
  330,20161206,   34
  330,20161207,   75
  330,20161208,   88
  330,20161209,   91
  330,20161210,   85
  330,20161211,   90
  330,20161212,   69
  330,20161213,   68
  330,20161214,   79
  330,20161215,   58
  330,20161216,   67
  330,20161217,   74
  330,20161218,   75
  330,20161219,   50
  330,20161220,   19
  330,20161221,   49
  330,20161222,   61
  330,20161223,   67
  330,20161224,   87
  330,20161225,   97
  330,20161226,   84
  330,20161227,   71
  330,20161228,   26
  330,20161229,    0
  330,20161230,   24
  330,20161231,   35
  330,20170101,   15
  330,20170102,   57
  330,20170103,   63
  330,20170104,   67
  330,20170105,   28
  330,20170106,   -7
  330,20170107,   31
  330,20170108,   60
  330,20170109,   60
  330,20170110,   63
  330,20170111,   75
  330,20170112,   55
  330,20170113,   44
  330,20170114,   42
  330,20170115,   34
  330,20170116,    9
  330,20170117,  -34
  330,20170118,  -27
  330,20170119,   -4
  330,20170120,   13
  330,20170121,   11
  330,20170122,    2
  330,20170123,   20
  330,20170124,   35
  330,20170125,   -3
  330,20170126,  -27
  330,20170127,   24
  330,20170128,   75
  330,20170129,   48
  330,20170130,   53
  330,20170131,   39
  330,20170201,   47
  330,20170202,   98
  330,20170203,   91
  330,20170204,   56
  330,20170205,   44
  330,20170206,   49
  330,20170207,   36
  330,20170208,    5
  330,20170209,   -8
  330,20170210,  -19
  330,20170211,   -2
  330,20170212,   12
  330,20170213,   27
  330,20170214,   53
  330,20170215,   84
  330,20170216,   65
  330,20170217,   63
  330,20170218,   54
  330,20170219,   64
  330,20170220,   80
  330,20170221,   86
  330,20170222,   82
  330,20170223,   77
  330,20170224,   49
  330,20170225,   65
  330,20170226,   85
  330,20170227,   80
  330,20170228,   45
  330,20170301,   64
  330,20170302,   69
  330,20170303,   71
  330,20170304,   89
  330,20170305,   67
  330,20170306,   62
  330,20170307,   66
  330,20170308,   69
  330,20170309,   80
  330,20170310,   77
  330,20170311,   92
  330,20170312,   90
  330,20170313,   68
  330,20170314,   83
  330,20170315,   85
  330,20170316,  108
  330,20170317,   80
  330,20170318,   98
  330,20170319,  100
  330,20170320,   97
  330,20170321,   80
  330,20170322,   87
  330,20170323,   91
  330,20170324,   94
  330,20170325,   97
  330,20170326,   94
  330,20170327,  110
  330,20170328,  118
  330,20170329,  121
  330,20170330,  167
  330,20170331,  138
  330,20170401,  105
  330,20170402,   95
  330,20170403,   89
  330,20170404,   94
  330,20170405,   92
  330,20170406,   85
  330,20170407,  100
  330,20170408,   95
  330,20170409,  144
  330,20170410,   98
  330,20170411,  102
  330,20170412,  104
  330,20170413,   96
  330,20170414,  104
  330,20170415,   99
  330,20170416,   89
  330,20170417,   75
  330,20170418,   68
  330,20170419,   58
  330,20170420,   81
  330,20170421,  111
  330,20170422,   83
  330,20170423,   86
  330,20170424,  100
  330,20170425,   69
  330,20170426,   77
  330,20170427,   79
  330,20170428,   87
  330,20170429,   98
  330,20170430,  137
  330,20170501,  121
  330,20170502,  108
  330,20170503,  107
  330,20170504,  118
  330,20170505,  100
  330,20170506,  125
  330,20170507,  100
  330,20170508,   96
  330,20170509,   85
  330,20170510,   90
  330,20170511,  161
  330,20170512,  156
  330,20170513,  139
  330,20170514,  144
  330,20170515,  159
  330,20170516,  198
  330,20170517,  227
  330,20170518,  142
  330,20170519,  128
  330,20170520,  140
  330,20170521,  146
  330,20170522,  184
  330,20170523,  150
  330,20170524,  150
  330,20170525,  157
  330,20170526,  218
  330,20170527,  225
  330,20170528,  173
  330,20170529,  191
  330,20170530,  166
  330,20170531,  159
  330,20170601,  161
  330,20170602,  195
  330,20170603,  170
  330,20170604,  157
  330,20170605,  177
